35 
38 
39 
40 
41 
42 
42 
43 
44 
45 
45 
46 
47 
48 
49 
49 
50 
51 
52 
53 
53 
54 
55 
56 
57 
58 
59 
59 
60 
61 
62 
63 
63 
64 
65 
66 
67 
51 
52 
56 
57 
58 
59 
59 
60 
61 
62 
62 
63 
64 
65 
65 
66 
67 
68 
68 
69 
159 
165 
166 
167 
167 
168 
169 
170 
170 
171 
172 
173 
174 
174 
175 
176 
177 
178 
178 
179 
180 
181 
182 
182 
183 
184 
185 
186 
186 
187 
188 
189 
190
0 
0 
0 
0 
0 
0 
0 
0 
0 
0 
0 
0 
0 
0 
0 
0 
0 
0 
0 
0 
0 
0 
0 
0 
0 
0 
0 
0 
0 
0 
0 
0 
0 
0 
0 
0 
0 
0 
0 
0 
0 
0 
0 
0 
0 
0 
0 
0 
0 
0 
0 
0 
0 
0 
0 
0 
0 
0 
0 
0 
0 
0 
0 
0 
0 
0 
0 
0 
0 
0 
0 
0 
0 
0 
0 
0 
0 
0 
0 
0 
0 
0 
0 
0 
32638 
32638 
32638 
32638 
32638 
32638 
32638 
32638 
32638 
32638 
32638 
32638 
32638 
32638 
32638 
32638 
32638 
32638 
32638 
32638 
32638 
32638 
32638 
32638 
32638 
32638 
32638 
32638 
32638 
32638 
0 
0 
0 
0 
0 
0 
0 
0 
0 
0 
0 
0 
0 
0 
0 
0 
0 
0 
0 
0 
0 
0 
0 
0 
0 
0 
0 
0 
0 
0 
0 
0 
0 
0 
0 
0 
0 
0 
0 
0 
0 
0 
0 
0 
0 
0 
0 
0 
0 
0 
0 
0 
0 
0 
0 
0 
0 
0 
0 
0 
0 
0 
0 
0 
0 
0 
0 
0 
0 
0 
0 
0 
0 
0 
0 
0 
0 
0 
0 
0 
0 
0 
0 
0 
0 
0 
0 
0 
0 
0 
0 
0 
0 
0 
0 
0 
0 
0 
0 
0 
0 
0 
0 
0 
0 
0 
0 
0 
0 
0 
0 
0 
0 
0 
0 
0 
0 
0 
0 
0 
0 
0 
0 
0 
0 
0 
0 
0 
0 
0 
0 
0 
0 
0 
0 
0 
0 
0 
0 
0 
0 
0 
0 
0 
0 
0 
0 
0 
0 
0 
0 
0 
0 
0 
0 
0 
0 
0 
0 
0 
0 
0 
0 
0 
0 
0 
0 
0 
0 
0 
0 
0 
0 
0 
0 
0 
0 
0 
0 
0 
0 
0 
0 
0 
0 
0 
0 
0 
0 
0 
0 
0 
0 
0 
0 
0 
0 
0 
0 
0 
0 
0 
0 
0 
0 
0 
0 
0 
0 
0 
0 
0 
0 
0 
0 
0 
0 
0 
0 
0 
0 
0 
0 
0 
0 
0 
0 
0 
0 
0 
0 
0 
0 
0 
0 
0 
0 
0 
0 
0 
0 
0 
0 
0 
0 
0 
0 
0 
0 
0 
0 
0 
0 
0 
0 
0 
0 
0 
0 
0 
0 
0 
0 
0 
0 
0 
0 
0 
0 
0 
0 
0 
0 
0 
0 
0 
0 
0 
0 
0 
0 
0 
0 
0 
0 
0 
0 
0 
0 
0 
0 
0 
0 
0 
0 
0 
0 
0 
0 
0 
0 
0 
0 
0 
0 
0 
0 
0 
0 
0 
0 
0 
0 
0 
0 
0 
0 
0 
0 
0 
0 
0 
0 
0 
0 
0 
0 
0 
0 
0 
0 
0 
0 
0 
0 
0 
0 
0 
0 
0 
0 
0 
0 
0 
0 
0 
0 
0 
0 
0 
0 
0 
0 
32602 
32602 
32602 
32602 
32602 
32602 
32602 
32602 
32602 
32602 
32602 
32602 
32602 
32602 
32602 
32602 
32602 
32602 
32602 
32602 
32602 
32602 
32602 
32602 
32602 
32602 
32602 
32602 
32602 
32602 
32602 
32602 
32602 
32602 
32602 
32602 
32602 
32602 
32602 
32602 
32602 
32602 
32602 
32602 
32602 
32602 
32602 
32602 
32602 
32602 
32602 
32602 
32602 
32602 
32602 
32602 
32602 
32602 
32602 
32602 
32602 
32602 
32602 
32602 
32602 
32602 
32602 
32602 
32602 
32602 
32602 
32602 
32602 
32602 
32602 
32602 
32602 
32602 
32602 
32602 
32602 
32602 
32602 
32602 
32602 
32602 
32602 
32602 
32602 
32602 
32602 
32602 
32602 
32602 
32602 
32602 
32602 
32602 
32602 
32602 
0 
0 
0 
0 
0 
0 
0 
0 
0 
0 
0 
0 
0 
0 
0 
0 
0 
0 
0 
0 
0 
0 
0 
0 
0 
0 
0 
0 
0 
0 
0 
0 
0 
0 
0 
0 
0 
0 
0 
0 
0 
0 
0 
0 
0 
0 
0 
0 
0 
0 
0 
0 
0 
0 
0 
0 
0 
0 
0 
0 
0 
0 
0 
0 
0 
0 
0 
0 
0 
0 
0 
0 
0 
0 
0 
0 
0 
0 
0 
0 
0 
0 
0 
0 
0 
0 
0 
0 
0 
0 
0 
0 
0 
0 
0 
0 
0 
0 
0 
0 
0 
32643 
32643 
32643 
32643 
32643 
32643 
32643 
32643 
32643 
32643 
32643 
32643 
32643 
32643 
32643 
32643 
32643 
32643 
32643 
32643 
32643 
32643 
32643 
32643 
32643 
32643 
32643 
32643 
32643 
32643 
32643 
32643 
32643 
32643 
32643 
32643 
32643 
32643 
32643 
32643 
32643 
32643 
32643 
32643 
32643 
32643 
32643 
32643 
32643 
32643 
32643 
32643 
32643 
32643 
32643 
32597 
32597 
32597 
32597 
32597 
32597 
32597 
32597 
32597 
32597 
32597 
32597 
32597 
32597 
32597 
32597 
32597 
32597 
32597 
32597 
32597 
32597 
32597 
32597 
32597 
32597 
32597 
32597 
32597 
32597 
32597 
32597 
32597 
32597 
32597 
32597 
32597 
32597 
32597 
32597 
32597 
32597 
32597 
32597 
32597 
32597 
32597 
0 
0 
0 
0 
0 
0 
0 
0 
0 
0 
0 
0 
0 
0 
0 
0 
0 
0 
0 
0 
0 
0 
0 
0 
0 
0 
0 
0 
0 
0 
0 
0 
0 
0 
0 
0 
0 
0 
0 
0 
0 
0 
0 
0 
0 
0 
0 
0 
0 
0 
0 
0 
0 
0 
0 
0 
0 
0 
0 
0 
0 
0 
0 
0 
0 
0 
0 
0 
0 
0 
0 
0 
0 
0 
0 
0 
0 
0 
0 
0 
0 
0 
0 
0 
0 
0 
0 
0 
0 
0 
0 
0 
0 
0 
0 
0 
0 
0 
0 
0 
0 
0 
0 
0 
0 
0 
0 
0 
0 
0 
0 
0 
0 
0 
0 
0 
0 
0 
0 
0 
0 
0 
0 
0 
0 
0 
0 
0 
0 
0 
0 
0 
0 
0 
0 
0 
0 
0 
0 
0 
0 
0 
0 
0 
0 
0 
0 
0 
0 
0 
0 
0 
0 
0 
0 
0 
0 
0 
0 
0 
0 
0 
0 
0 
0 
0 
0 
0 
0 
0 
0 
0 
0 
0 
0 
32572 
32572 
32572 
32572 
32572 
32572 
0 
0 
0 
0 
0 
0 
0 
0 
0 
0 
0 
0 
0 
0 
0 
0 
0 
0 
0 
0 
0 
0 
0 
0 
0 
0 
0 
0 
0 
0 
0 
0 
0 
0 
0 
0 
0 
0 
0 
0 
0 
0 
0 
0 
0 
0 
0 
0 
0 
0 
0 
0 
32515 
32515 
32515 
32515 
32515 
32515 
32515 
32515 
32515 
32515 
32515 
32515 
32515 
32515 
32515 
32515 
32515 
32515 
32515 
32515 
32515 
32515 
32515 
32515 
32515 
32515 
32515 
32515 
32515 
32515 
32515 
32515 
32515 
32515 
32515 
32515 
32515 
32515 
32515 
32515 
32515 
32515 
32515 
32515 
32515 
32515 
32515 
32515 
32515 
32515 
32515 
32515 
32515 
32515 
32515 
32515 
32515 
32515 
32515 
32515 
32515 
32515 
32515 
32515 
32515 
32515 
32515 
32515 
32527 
32527 
32527 
32527 
32527 
32527 
32527 
32527 
32527 
32527 
32527 
32527 
32527 
32527 
32527 
32527 
32527 
32527 
32527 
32527 
32527 
32527 
32527 
32527 
32527 
32527 
32527 
32527 
32527 
32527 
0 
0 
0 
0 
0 
0 
32601 
32601 
32601 
32601 
32601 
32601 
32732 
32732 
32732 
32732 
32732 
32732 
32732 
32732 
32732 
32732 
32732 
32732 
32732 
32732 
32732 
32732 
32732 
32732 
32732 
32732 
32732 
32732 
32732 
32732 
32732 
32732 
32732 
32732 
32732 
32732 
32732 
32732 
32732 
32732 
32551 
32551 
32551 
32551 
32551 
32551 
32551 
32551 
32551 
32551 
32551 
32551 
32551 
32551 
32551 
32551 
32551 
32551 
32551 
32551 
32551 
32551 
32551 
32551 
32551 
32551 
32551 
32551 
32551 
32551 
32551 
32551 
32551 
32551 
32551 
32551 
32551 
32622 
32622 
32622 
32622 
32622 
32622 
32622 
32622 
32622 
32622 
32622 
32622 
32622 
32622 
32622 
32622 
32622 
32622 
32622 
32622 
32622 
32622 
32622 
32622 
32622 
32622 
32622 
32622 
32622 
32622 
32622 
32622 
32622 
32622 
32622 
32622 
32622 
32622 
32622 
32622 
32622 
32622 
32622 
32622 
32622 
32622 
32622 
32622 
32622 
32622 
32622 
32622 
32622 
32622 
32622 
32622 
32622 
32622 
32622 
32622 
32622 
32622 
32622 
32622 
32622 
32622 
32622 
32622 
32622 
32622 
32622 
32622 
32622 
32622 
32622 
32622 
32622 
32622 
32622 
32622 
32622 
32622 
32622 
32622 
32622 
32622 
32622 
32622 
32622 
32622 
32622 
32622 
32622 
32622 
32622 
32622 
32622 
32622 
32622 
32622 
32622 
32622 
32622 
32622 
32622 
32622 
32622 
32622 
32622 
32622 
32622 
32622 
32622 
32622 
32622 
32622 
32622 
32622 
32622 
32622 
32622 
32622 
32622 
32622 
32622 
32622 
32622 
32622 
32622 
32622 
32622 
32622 
32622 
32622 
32622 
32622 
32622 
32622 
32622 
32622 
32622 
32765 
32765 
32765 
32765 
32765 
32765 
32766 
32766 
32766 
32766 
32766 
32766 
32578 
32578 
32578 
32578 
32578 
32578 
32696 
32696 
32696 
32696 
32696 
32696 
32642 
32642 
32642 
32642 
32642 
32642 
32544 
32544 
32544 
32544 
32544 
32544 
32544 
32544 
32764 
32764 
32764 
32764 
32764 
32764 
32764 
32764 
32764 
32764 
32764 
32764 
32765 
32765 
32765 
32765 
32765 
32765 
32559 
32559 
32559 
32559 
32559 
32559 
32559 
32559 
32559 
32559 
32559 
32559 
32559 
32559 
32559 
32559 
32559 
32559 
32559 
32559 
32559 
32559 
32559 
32559 
32559 
32559 
32559 
32520 
32520 
32520 
32520 
32520 
32520 
32520 
32520 
32520 
32520 
32520 
32520 
32520 
32520 
32520 
32520 
32520 
32520 
32520 
